id,1,2,3,4,5,6,7,time,price
775537,-26,-34,-48,-67,-95,-135,-195,1649639157,30
7379085,-31,-39,-53,-72,-100,-141,-200,1649639157,25
11292157,116,108,94,75,47,7,-52,1649639157,173
587753,-32,-40,-54,-73,-101,-141,-200,1649639148,24
3616886,7,0,-14,-33,-61,-101,-161,1649639148,64
11294480,58,50,36,17,-10,-50,-109,1649639148,115
7378998,-31,-39,-53,-72,-100,-140,-199,1649639145,25
766400,-15,-23,-36,-56,-83,-124,-183,1649639139,41
9197431,-35,-43,-56,-76,-103,-144,-203,1649639130,21
6254176,-32,-41,-54,-73,-101,-142,-201,1649639130,24
11142882,4,-4,-17,-36,-64,-105,-164,1649639127,60
9519077,-2,-10,-24,-43,-71,-111,-171,1649639109,54
7921689,-21,-29,-43,-62,-90,-130,-190,1649639097,35
4520932,-18,-26,-40,-59,-87,-127,-186,1649639097,38
9246586,-32,-40,-54,-73,-101,-141,-201,1649639088,24
7917755,-5,-13,-27,-46,-74,-114,-174,1649639088,51
10833615,-32,-41,-54,-73,-101,-142,-201,1649639076,24
9251491,-32,-41,-54,-73,-101,-142,-201,1649639067,24
5016355,-35,-43,-57,-76,-104,-144,-204,1649639067,21
2459994,-10,-18,-32,-51,-79,-119,-179,1649639187,46
10671998,-32,-40,-54,-73,-101,-141,-201,1649639187,24
11246838,65,56,43,24,-3,-44,-103,1649639178,121
7378639,-31,-39,-52,-72,-99,-140,-199,1649639169,25
7379085,-31,-39,-52,-72,-99,-140,-199,1649639157,25
7378998,-31,-39,-52,-72,-99,-140,-199,1649639145,25
6254176,-32,-40,-54,-73,-101,-141,-201,1649639130,24
10610402,-32,-40,-54,-73,-101,-141,-201,1649639217,24
3903727,-18,-26,-40,-59,-87,-127,-186,1649639208,38
3231599,-34,-43,-56,-75,-103,-144,-203,1649639208,22
11264603,57,49,35,16,-11,-51,-111,1649639208,114
10749827,-26,-34,-48,-67,-95,-135,-194,1649639208,30
7379085,-31,-39,-53,-72,-99,-140,-199,1649639157,25
11292157,116,108,94,75,47,7,-51,1649639157,173
7378998,-31,-39,-53,-72,-99,-140,-199,1649639145,25
766400,-15,-23,-37,-56,-83,-124,-183,1649639139,41
9197431,-35,-43,-57,-76,-103,-144,-203,1649639130,21
11142882,4,-4,-17,-36,-64,-105,-164,1649639127,61
7790529,-21,-29,-43,-62,-90,-130,-190,1649639247,35
5568515,-33,-41,-55,-74,-102,-142,-201,1649639247,23
5565822,-30,-38,-52,-71,-99,-139,-199,1649639247,26
5481872,-35,-43,-56,-76,-103,-144,-203,1649639247,21
4418821,-18,-26,-40,-59,-87,-127,-186,1649639247,38
420134,-14,-22,-35,-55,-82,-123,-182,1649639247,42
3710781,-36,-44,-58,-77,-104,-145,-204,1649639247,20
7188943,-26,-34,-48,-67,-95,-135,-195,1649639238,30
5770138,0,-9,-22,-41,-69,-110,-169,1649639238,56
10610402,-32,-40,-54,-73,-101,-142,-201,1649639217,24
10671998,-32,-41,-54,-74,-102,-142,-202,1649639187,24
11246838,64,56,42,23,-4,-44,-104,1649639178,121
7378639,-31,-39,-53,-72,-100,-141,-200,1649639169,25
775537,-26,-35,-48,-68,-96,-136,-196,1649639157,30
8772243,-37,-46,-59,-78,-106,-147,-207,1649639268,19
7873606,-31,-39,-53,-72,-100,-141,-200,1649639268,25
11154299,39,31,17,-1,-29,-70,-130,1649639268,96
7790529,-21,-30,-43,-62,-90,-131,-191,1649639247,35
5568515,-33,-41,-55,-74,-102,-143,-202,1649639247,23
5565822,-30,-39,-52,-71,-99,-140,-200,1649639247,26
5481872,-35,-43,-56,-75,-103,-144,-203,1649639247,21
3710781,-36,-44,-58,-77,-105,-145,-204,1649639247,20
7188943,-26,-35,-48,-68,-96,-136,-196,1649639238,30
10610402,-33,-41,-54,-74,-102,-142,-202,1649639217,24
3903727,-18,-26,-40,-59,-87,-128,-188,1649639208,38
3231599,-35,-43,-57,-76,-104,-144,-204,1649639208,22
11264603,57,49,35,16,-11,-52,-112,1649639208,114
10749827,-26,-34,-48,-67,-95,-136,-196,1649639208,30
2459994,-10,-19,-32,-52,-80,-120,-180,1649639187,46
10671998,-33,-41,-54,-74,-102,-142,-202,1649639187,24
11246838,65,56,43,24,-3,-44,-103,1649639178,122
6760190,-33,-41,-54,-74,-101,-142,-201,1649639307,23
1218253,-32,-40,-54,-73,-101,-141,-200,1649639307,24
11125237,23,15,1,-17,-45,-85,-145,1649639307,80
10863630,87,79,65,46,18,-21,-81,1649639307,144
8904850,-29,-37,-51,-70,-98,-138,-198,1649639304,27
9961025,-31,-40,-53,-72,-100,-141,-200,1649639298,25
8772243,-37,-45,-59,-78,-106,-146,-206,1649639268,19
7873606,-31,-39,-53,-72,-100,-140,-199,1649639268,25
11154299,39,31,17,-1,-29,-69,-129,1649639268,96
5481872,-35,-43,-57,-76,-104,-145,-204,1649639247,21
4418821,-18,-26,-40,-59,-87,-128,-188,1649639247,38
420134,-14,-22,-36,-55,-83,-124,-183,1649639247,42
10610402,-32,-41,-54,-73,-101,-142,-201,1649639217,24
9937150,7,0,-14,-33,-61,-101,-161,1649639337,64
9327457,7,-1,-14,-34,-62,-102,-162,1649639337,64
3769255,-28,-36,-50,-69,-97,-137,-196,1649639328,28
6760190,-33,-41,-55,-74,-102,-142,-201,1649639307,23
3710781,-36,-44,-58,-77,-105,-146,-205,1649639247,20
9836779,42,34,20,1,-26,-67,-126,1649639367,99
6271580,-25,-33,-47,-66,-94,-134,-193,1649639367,31
11247053,23,15,1,-17,-45,-85,-145,1649639367,80
10625154,-35,-43,-57,-76,-104,-144,-204,1649639367,21
1655664,-32,-40,-54,-73,-100,-141,-200,1649639364,24
1175396,8,0,-13,-32,-60,-100,-159,1649639358,65
8115123,-34,-42,-56,-75,-103,-143,-202,1649639349,22
9327457,7,0,-14,-33,-61,-101,-161,1649639337,64
3769255,-28,-36,-50,-69,-96,-137,-196,1649639328,28
1218253,-32,-40,-54,-73,-100,-141,-200,1649639307,24
11125237,23,15,1,-17,-45,-86,-146,1649639307,80
10863630,87,79,65,46,18,-21,-80,1649639307,144
8904850,-29,-37,-51,-70,-98,-138,-197,1649639304,27
939384,-29,-38,-51,-70,-98,-139,-199,1649639388,27
1562569,-27,-35,-49,-68,-96,-136,-196,1649639388,29
1106927,-33,-42,-55,-74,-102,-143,-202,1649639379,23
9836779,42,34,20,1,-26,-66,-125,1649639367,99
1655664,-32,-40,-54,-73,-101,-141,-200,1649639364,24
6657970,-32,-41,-54,-73,-101,-142,-201,1649639418,24
6235196,-15,-23,-37,-56,-84,-124,-183,1649639418,41
10723857,45,37,24,5,-22,-63,-122,1649639418,102
4830846,-32,-41,-54,-73,-101,-142,-201,1649639409,24
3393470,-36,-44,-58,-77,-105,-145,-204,1649639397,20
1635690,-24,-33,-46,-65,-93,-134,-193,1649639397,32
7813306,-33,-42,-55,-74,-102,-143,-202,1649639394,23
939384,-29,-37,-51,-70,-98,-138,-198,1649639388,27
1562569,-27,-35,-48,-67,-95,-136,-195,1649639388,29
11247053,23,15,1,-17,-45,-86,-146,1649639367,80
10625154,-35,-44,-57,-76,-104,-145,-205,1649639367,21
1655664,-32,-40,-54,-73,-101,-142,-201,1649639364,24
1175396,8,0,-13,-32,-60,-101,-161,1649639358,65
8115123,-34,-42,-56,-75,-103,-144,-204,1649639349,22
9937150,7,-1,-14,-34,-62,-102,-162,1649639337,64
3769255,-28,-36,-50,-69,-97,-138,-197,1649639328,28
9437919,-36,-44,-58,-77,-105,-146,-205,1649639439,20
6657970,-33,-41,-54,-74,-102,-142,-202,1649639418,24
6235196,-15,-23,-37,-56,-84,-125,-184,1649639418,41
10723857,45,37,23,4,-23,-64,-123,1649639418,102
4830846,-33,-41,-54,-74,-102,-142,-202,1649639409,24
3393470,-36,-44,-58,-77,-105,-146,-205,1649639397,20
1635690,-25,-33,-46,-66,-94,-134,-194,1649639397,32
7813306,-34,-42,-55,-75,-103,-143,-203,1649639394,23
1106927,-34,-42,-56,-75,-103,-143,-203,1649639379,23
1175396,8,0,-13,-32,-60,-101,-160,1649639358,65
8115123,-34,-42,-56,-75,-103,-144,-203,1649639349,22
5956897,-32,-41,-54,-74,-102,-142,-202,1649639457,24
1695855,16,8,-5,-24,-52,-93,-153,1649639457,73
6161961,-33,-42,-55,-75,-103,-143,-203,1649639454,23
661291,-3,-11,-25,-44,-72,-113,-172,1649639448,53
10039104,-28,-37,-50,-70,-98,-138,-198,1649639448,28
10723857,45,37,24,4,-23,-63,-122,1649639418,102
1635690,-24,-33,-46,-66,-94,-134,-194,1649639397,32
7813306,-33,-42,-55,-75,-103,-143,-203,1649639394,23
6271580,-25,-33,-47,-66,-94,-135,-194,1649639367,31
10625154,-35,-43,-57,-76,-104,-145,-205,1649639367,21
9780957,4,-4,-18,-37,-65,-105,-165,1649639487,61
7147953,-31,-39,-53,-72,-100,-141,-200,1649639487,25
5578910,-30,-38,-52,-71,-99,-140,-199,1649639487,26
1427417,-30,-38,-52,-71,-99,-139,-199,1649639487,27
9836923,-17,-25,-39,-58,-86,-126,-186,1649639478,40
5944572,-33,-42,-55,-75,-103,-143,-203,1649639478,23
4669739,-24,-33,-46,-66,-94,-134,-194,1649639478,32
11254168,119,111,97,78,50,9,-49,1649639478,176
6657970,-32,-41,-54,-74,-102,-142,-202,1649639418,24
4830846,-32,-41,-54,-74,-102,-142,-202,1649639409,24
5828491,-33,-42,-55,-75,-103,-143,-203,1649639523,23
6098501,-24,-33,-46,-66,-94,-134,-194,1649639517,32
1658413,-28,-36,-50,-69,-97,-137,-197,1649639517,28
11070523,26,18,4,-14,-42,-83,-143,1649639517,83
2635249,-37,-46,-59,-78,-106,-147,-207,1649639508,19
5832569,-33,-42,-55,-75,-103,-143,-203,1649639502,23
5650098,-34,-42,-56,-75,-103,-144,-204,1649639502,22
777375,-34,-42,-56,-75,-103,-144,-204,1649639499,22
6161961,-33,-42,-55,-74,-102,-143,-202,1649639454,23
8346034,-24,-33,-46,-65,-93,-134,-193,1649639547,32
7684084,-31,-39,-53,-72,-100,-141,-200,1649639547,25
8029395,-32,-40,-54,-73,-101,-142,-202,1649639541,24
5828455,-33,-42,-55,-75,-103,-143,-203,1649639541,23
9081875,-28,-36,-50,-69,-97,-137,-197,1649639538,28
2635249,-37,-45,-59,-78,-106,-146,-206,1649639508,19
9602303,-26,-34,-48,-67,-95,-135,-194,1649639577,30
7761356,-24,-33,-46,-66,-94,-134,-194,1649639577,32
3079349,-16,-24,-38,-57,-85,-125,-184,1649639568,40
2041607,-29,-38,-51,-70,-98,-139,-198,1649639568,27
5530997,-33,-42,-55,-74,-102,-143,-202,1649639565,23
7684084,-31,-39,-53,-72,-100,-140,-199,1649639547,25
8029395,-32,-40,-54,-73,-101,-141,-200,1649639541,24
5828455,-33,-42,-55,-74,-102,-143,-202,1649639541,23
9081875,-28,-36,-49,-68,-96,-137,-196,1649639538,28
5828491,-33,-42,-55,-74,-102,-143,-202,1649639523,23
6098501,-24,-33,-46,-65,-93,-134,-193,1649639517,32
1658413,-28,-36,-49,-68,-96,-137,-196,1649639517,28
11070523,26,18,4,-14,-42,-82,-141,1649639517,83
5832569,-33,-42,-55,-74,-102,-143,-202,1649639502,23
5650098,-34,-42,-56,-75,-103,-143,-202,1649639502,22
777375,-34,-42,-56,-75,-103,-143,-202,1649639499,22
9780957,4,-4,-17,-36,-64,-105,-164,1649639487,61
7147953,-31,-39,-53,-72,-100,-140,-199,1649639487,25
8804406,-28,-36,-49,-68,-96,-137,-196,1649639598,28
7761356,-24,-33,-46,-65,-93,-134,-193,1649639577,32
8549209,-28,-36,-50,-69,-97,-137,-196,1649639628,28
7653626,-28,-37,-50,-69,-97,-138,-197,1649639628,28
7332073,13,5,-8,-27,-55,-95,-154,1649639628,70
6901914,-31,-39,-53,-72,-100,-141,-200,1649639628,25
2547445,-31,-39,-53,-72,-100,-141,-200,1649639628,25
108541,-34,-42,-55,-75,-103,-143,-203,1649639628,23
9226664,-31,-39,-53,-72,-100,-140,-199,1649639619,25
6100478,5,-2,-16,-35,-63,-103,-162,1649639619,62
9256293,-31,-39,-53,-72,-100,-140,-199,1649639616,25
6495469,-17,-25,-39,-58,-86,-126,-185,1649639667,39
1574676,49,40,27,8,-19,-60,-119,1649639667,106
8645184,-35,-43,-57,-76,-104,-144,-203,1649639658,21
5392320,-31,-39,-53,-72,-100,-140,-199,1649639658,25
11143710,37,29,16,-3,-31,-71,-130,1649639658,94
7332073,13,5,-8,-27,-55,-96,-155,1649639628,70
6901914,-31,-39,-53,-72,-100,-140,-199,1649639628,25
2547445,-31,-39,-53,-72,-100,-140,-199,1649639628,25
108541,-33,-42,-55,-74,-102,-143,-202,1649639628,23
6100478,5,-2,-16,-35,-63,-104,-163,1649639619,62
9256293,-31,-39,-53,-72,-100,-141,-200,1649639616,25
8804406,-28,-36,-50,-69,-97,-138,-197,1649639598,28
9602303,-26,-34,-48,-67,-95,-136,-196,1649639577,30
8240526,-34,-42,-56,-75,-103,-143,-203,1649639697,22
5672016,-34,-42,-56,-75,-103,-144,-204,1649639697,22
5036792,-26,-34,-48,-67,-95,-136,-196,1649639697,30
11171718,10,2,-11,-30,-58,-98,-158,1649639697,67
11079824,-8,-16,-30,-49,-77,-117,-177,1649639697,48
8473291,-34,-42,-56,-75,-103,-143,-203,1649639688,22
6677449,-28,-36,-49,-68,-96,-137,-196,1649639688,28
6371873,-24,-33,-46,-65,-93,-134,-193,1649639688,32
11283803,-7,-15,-28,-48,-75,-116,-175,1649639688,49
10230929,-22,-30,-43,-63,-91,-131,-191,1649639688,35
6171009,-31,-39,-53,-72,-100,-141,-200,1649639685,25
6495469,-17,-25,-39,-58,-86,-127,-186,1649639667,39
11143710,37,29,15,-3,-31,-72,-131,1649639658,94
8549209,-28,-36,-50,-69,-97,-138,-197,1649639628,28
7653626,-29,-37,-51,-70,-98,-138,-198,1649639628,28
6581980,-21,-30,-43,-62,-90,-131,-191,1649639727,35
5659043,-32,-40,-53,-73,-101,-141,-201,1649639718,25
9373919,-32,-40,-54,-73,-101,-142,-202,1649639709,24
8240526,-34,-43,-56,-76,-104,-144,-204,1649639697,22
5672016,-34,-42,-56,-75,-103,-143,-202,1649639697,22
5036792,-26,-34,-48,-67,-95,-135,-194,1649639697,30
6677449,-28,-36,-50,-69,-97,-138,-197,1649639688,28
6371873,-25,-33,-46,-66,-94,-134,-194,1649639688,32
11283803,-7,-15,-29,-48,-76,-117,-176,1649639688,49
5392320,-31,-39,-53,-72,-100,-141,-200,1649639658,25
10689709,-18,-26,-40,-59,-87,-128,-188,1649639748,38
6581980,-21,-30,-43,-63,-91,-131,-191,1649639727,35
11171718,10,2,-11,-30,-58,-99,-159,1649639697,67
11079824,-8,-17,-30,-50,-78,-118,-178,1649639697,48
8473291,-34,-43,-56,-75,-103,-144,-204,1649639688,22
1574676,48,40,27,7,-20,-60,-120,1649639667,106
8645184,-35,-43,-57,-76,-104,-145,-205,1649639658,21
7324843,-8,-16,-30,-49,-77,-117,-177,1649639787,48
9323425,-31,-40,-53,-72,-100,-141,-200,1649639784,25
9373689,-31,-40,-53,-72,-100,-141,-200,1649639778,25
7886714,-36,-44,-57,-76,-104,-145,-204,1649639778,20
10689709,-18,-26,-40,-59,-87,-127,-186,1649639748,38
6581980,-21,-29,-43,-62,-90,-130,-190,1649639727,35
5659043,-31,-40,-53,-72,-100,-141,-200,1649639718,25
9373919,-32,-40,-54,-73,-101,-141,-200,1649639709,24
11171718,10,2,-11,-30,-58,-98,-157,1649639697,67
10230929,-21,-30,-43,-62,-90,-131,-190,1649639688,35
6171009,-31,-39,-53,-72,-100,-140,-199,1649639685,25
8683535,-28,-36,-49,-68,-96,-137,-196,1649639808,28
8591432,-28,-36,-49,-68,-96,-137,-196,1649639808,28
5797314,-31,-39,-53,-72,-100,-140,-199,1649639796,25
9373919,-32,-40,-54,-73,-101,-141,-201,1649639709,24
2320536,-14,-22,-36,-55,-83,-123,-183,1649639838,42
8683535,-28,-36,-49,-69,-96,-137,-196,1649639808,28
8591432,-28,-36,-50,-69,-97,-138,-197,1649639808,28
5797314,-31,-39,-53,-72,-100,-141,-200,1649639796,25
7324843,-8,-17,-30,-49,-77,-118,-177,1649639787,48
8240526,-34,-43,-56,-75,-103,-144,-203,1649639697,22
11079824,-8,-17,-30,-49,-77,-118,-177,1649639697,48
6487836,-25,-33,-46,-66,-94,-134,-194,1649639850,32
6303083,-27,-35,-49,-68,-96,-137,-196,1649639847,29
2850662,-34,-43,-56,-75,-103,-144,-204,1649639847,22
11024626,-30,-38,-52,-71,-99,-139,-199,1649639847,27
9373689,-32,-40,-53,-73,-101,-141,-201,1649639778,25
7886714,-36,-44,-58,-77,-105,-146,-205,1649639778,20
9120456,-31,-40,-53,-72,-100,-141,-200,1649639877,25
6535920,-9,-17,-31,-50,-78,-118,-177,1649639877,47
4214953,-24,-33,-46,-65,-93,-134,-193,1649639877,32
2032528,-21,-29,-43,-62,-90,-130,-190,1649639868,35
11295284,7,0,-14,-33,-61,-101,-161,1649639868,64
6487836,-24,-33,-46,-65,-93,-134,-193,1649639850,32
6303083,-27,-35,-49,-68,-96,-136,-195,1649639847,29
2850662,-34,-42,-56,-75,-103,-143,-203,1649639847,22
11024626,-29,-38,-51,-70,-98,-139,-198,1649639847,27
8683535,-28,-36,-50,-69,-97,-138,-197,1649639808,28
7324843,-8,-17,-30,-50,-78,-118,-178,1649639787,48
